-237624 -227212 -220170 -214806 -188440 -182937 -182114 -180670 -170214 -169808 -169670 -165728 -162490 -155496 -153060 -151172 -136594 -134096 -119524 -118178 -108697 -100273 -99313 -79380 -67326 -67192 -40720 -28725 -20795 -8829 -4971 163 683 5469 19974 24388 32995 50674 59837 61090 67946 78745 89475 94053 107098 116579 126543 129249 131964 132431 138809 146657 150713 171466 178468 208041 208579 225647 230350 232981 239361 242457 254132 258167 258410 259112 260323 275829 280162 281547 283064 293759 297444 307799 316436 318604 331643 335379 339367 341602 345536 347223 363655 368186 375952 377415 377820 383208 
400235 410567 417928 430710 431730 432939 435438 449350 454032 465427 472946 484800 485771 489370 494578 497771 500001 508588 509964 526194 541697 545289 549281 567643 580811 613648 619313 625281 639133 
639603 641739 642829 644843 646353 652926 657160 671684 675345 681694 682052 684946 691367 695262 699528 702955 703450 705359 713180 717403 734423 745623 747191 -237624 -227212 -220170 -214806 -18844
0 -182937 -182114 -180670 -170214 -169808 -169670 -165728 -162490 -155496 -153060 -151172 -136594 -134096 -119524 -118178 -108697 -100273 -99313 -79380 -67326 -67192 -40720 -28725 -20795 -8829 -4971
 163 683 5469 19974 24388 32995 50674 59837 61090
 67946 
78745 89475 94053 107098 116579 126543 129249 131964 132431 138809 146657 150713 171466 178468 208041 208579 225647 230350 232981 239361 242457 254132 258167 258410 259112 260323 275829 280162 281547 28



3
0
6

4 
2

9
3759 297444 307799 316436 318604 331643 335379 339367 341602 345536 347223 363655 368186 375952 377415 377820 383208 400235 410567 417928 430710 431730 432939 435438 449350 454032 465427 472946 484800 485771 489370 494578 497771 500001 508588 509964 526194 541697 545289 549281 567643 580811 613648 619313 625281 639133 639603 641739 642829 644843 646353 652926 657160 671684 675345 681694 682052 684946 691367 695262 699528 702955 703450 705359 713180 717403 734423 745623 747191 
